29 -38
-13 -37
-5 16
20 23
-31 17
-38 24
32 14
18 20
-34 19
-30 -11
-34 7
36 48
-17 20
41 -16
12 -22
3 -2
31 -4
-5 -44
-48 -39
-19 -13
-41 -44
-36 22
31 -8
-46 -13
-19 15
-45 39
39 -29
9 -20
6 -9
-6 34
2 -32
47 28
-2 -45
-43 -3
38 -23
41 -13
-20 -12
13 4
47 33
-38 34
-38 0
25 -44
-36 -14
-30 16
32 1
20 3
-45 38
-8 45
-45 27
13 25
-40 34
-6 2
-20 -47
28 35
-1 -28
-31 29
23 -11
-40 -7
-3 -42
35 46
-39 22
-26 4
47 -16
37 38
-34 38
2 11
48 -19
33 30
-22 -39
-25 15
10 -8
29 29
9 42
-50 -47
47 -24
1 -24
45 16
26 -45
30 -30
34 -22
46 28
44 32
40 38
17 25
-30 20
12 -24
-14 1
-20 -1
45 42
-29 -41
14 -16
11 -33
-39 -21
-3 44
-25 -36
46 23
49 -38
2 19
16 -4